7
0.0 44.926650990114936 33.888504637905925 65.79346005665012 44.17922882880032 64.1597495994189 45.626500597445165
44.926650990114936 0.0 54.48736809936902 50.94917814503042 51.3034275193376 26.366793222358048 46.88486038951034
33.888504637905925 54.48736809936902 0.0 49.536056367336826 40.11335506081963 53.261983842096804 57.5215279486124
65.79346005665012 50.94917814503042 49.536056367336826 0.0 48.34425088434605 57.12548628233324 61.3973694234101
44.17922882880032 51.3034275193376 40.11335506081963 48.34425088434605 0.0 60.864439812205624 48.04897408383573
64.1597495994189 26.366793222358048 53.261983842096804 57.12548628233324 60.864439812205624 0.0 40.11335506081963
45.626500597445165 46.88486038951034 57.5215279486124 61.3973694234101 48.04897408383573 40.11335506081963 0.0
