13
0.0 44.44530634684474 44.44530634684474 67.24943684249419 54.878668240578946 46.85568416770173 44.89830835399404 39.64778718247562 33.80305414228185 45.89246323233512 54.12194744429562 54.12194744429562 47.780716333419925
44.44530634684474 0.0 39.64778718247562 42.22875456953717 39.64778718247562 54.878668240578946 42.22875456953717 54.49257683285451 42.22875456953717 58.29715048214408 51.628386507780405 45.89246323233512 58.29715048214408
44.44530634684474 39.64778718247562 0.0 74.21390047425348 44.89830835399404 44.06698848140766 45.40781208163449 44.44530634684474 74.21390047425348 62.66609421840996 44.44530634684474 54.12194744429562 44.89830835399404
67.24943684249419 42.22875456953717 74.21390047425348 0.0 74.21390047425348 45.89246323233512 67.24943684249419 39.64778718247562 40.937840952964386 33.80305414228185 67.24943684249419 47.069225106834075 46.85568416770173
54.878668240578946 39.64778718247562 44.89830835399404 74.21390047425348 0.0 54.878668240578946 40.937840952964386 33.80305414228185 51.628386507780405 45.89246323233512 67.24943684249419 54.12194744429562 54.12194744429562
46.85568416770173 54.878668240578946 44.06698848140766 45.89246323233512 54.878668240578946 0.0 46.85568416770173 47.780716333419925 39.64778718247562 47.780716333419925 39.64778718247562 44.06698848140766 42.22875456953717
44.89830835399404 42.22875456953717 45.40781208163449 67.24943684249419 40.937840952964386 46.85568416770173 0.0 54.12194744429562 44.06698848140766 51.628386507780405 45.89246323233512 44.06698848140766 54.878668240578946
39.64778718247562 54.49257683285451 44.44530634684474 39.64778718247562 33.80305414228185 47.780716333419925 54.12194744429562 0.0 54.49257683285451 47.069225106834075 47.069225106834075 44.89830835399404 45.40781208163449
33.80305414228185 42.22875456953717 74.21390047425348 40.937840952964386 51.628386507780405 39.64778718247562 44.06698848140766 54.49257683285451 0.0 42.22875456953717 58.29715048214408 67.24943684249419 46.85568416770173
45.89246323233512 58.29715048214408 62.66609421840996 33.80305414228185 45.89246323233512 47.780716333419925 51.628386507780405 47.069225106834075 42.22875456953717 0.0 44.06698848140766 33.80305414228185 62.66609421840996
54.12194744429562 51.628386507780405 44.44530634684474 67.24943684249419 67.24943684249419 39.64778718247562 45.89246323233512 47.069225106834075 58.29715048214408 44.06698848140766 0.0 54.878668240578946 39.64778718247562
54.12194744429562 45.89246323233512 54.12194744429562 47.069225106834075 54.12194744429562 44.06698848140766 44.06698848140766 44.89830835399404 67.24943684249419 33.80305414228185 54.878668240578946 0.0 44.44530634684474
47.780716333419925 58.29715048214408 44.89830835399404 46.85568416770173 54.12194744429562 42.22875456953717 54.878668240578946 45.40781208163449 46.85568416770173 62.66609421840996 39.64778718247562 44.44530634684474 0.0
