14
0.0 48.10621015350067 40.18511263070688 58.530566489005935 39.00042450154203 46.723481879344355 61.86386137033675 78.57236495120074 58.530566489005935 60.92568089895428 43.36858607593217 49.650026700921735 46.242176666946655 47.69308205996443
48.10621015350067 0.0 31.25267034668338 38.86160880706907 51.118196383002754 58.530566489005935 39.00042450154203 58.258976320651286 46.723481879344355 53.31007704053064 47.69308205996443 58.258976320651286 40.18511263070688 50.49396666155228
40.18511263070688 31.25267034668338 0.0 60.92568089895428 78.57236495120074 46.723481879344355 46.242176666946655 49.650026700921735 58.530566489005935 58.530566489005935 46.242176666946655 34.99910899624534 53.31007704053064 58.258976320651286
58.530566489005935 38.86160880706907 60.92568089895428 0.0 61.86386137033675 50.49396666155228 31.25267034668338 39.00042450154203 47.69308205996443 31.25267034668338 40.18511263070688 60.92568089895428 46.242176666946655 46.242176666946655
39.00042450154203 51.118196383002754 78.57236495120074 61.86386137033675 0.0 47.69308205996443 46.242176666946655 43.36858607593217 49.650026700921735 78.57236495120074 43.36858607593217 51.118196383002754 50.49396666155228 46.723481879344355
46.723481879344355 58.530566489005935 46.723481879344355 50.49396666155228 47.69308205996443 0.0 58.530566489005935 46.723481879344355 47.86246918565048 47.69308205996443 61.86386137033675 58.530566489005935 51.118196383002754 48.10621015350067
61.86386137033675 39.00042450154203 46.242176666946655 31.25267034668338 46.242176666946655 58.530566489005935 0.0 48.10621015350067 49.650026700921735 61.86386137033675 53.31007704053064 53.31007704053064 51.118196383002754 60.92568089895428
78.57236495120074 58.258976320651286 49.650026700921735 39.00042450154203 43.36858607593217 46.723481879344355 48.10621015350067 0.0 47.86246918565048 49.650026700921735 46.723481879344355 53.31007704053064 46.723481879344355 60.92568089895428
58.530566489005935 46.723481879344355 58.530566489005935 47.69308205996443 49.650026700921735 47.86246918565048 49.650026700921735 47.86246918565048 0.0 49.650026700921735 53.31007704053064 38.86160880706907 51.118196383002754 46.723481879344355
60.92568089895428 53.31007704053064 58.530566489005935 31.25267034668338 78.57236495120074 47.69308205996443 61.86386137033675 49.650026700921735 49.650026700921735 0.0 51.118196383002754 51.118196383002754 48.10621015350067 51.118196383002754
43.36858607593217 47.69308205996443 46.242176666946655 40.18511263070688 43.36858607593217 61.86386137033675 53.31007704053064 46.723481879344355 53.31007704053064 51.118196383002754 0.0 50.49396666155228 43.36858607593217 43.36858607593217
49.650026700921735 58.258976320651286 34.99910899624534 60.92568089895428 51.118196383002754 58.530566489005935 53.31007704053064 53.31007704053064 38.86160880706907 51.118196383002754 50.49396666155228 0.0 34.99910899624534 34.99910899624534
46.242176666946655 40.18511263070688 53.31007704053064 46.242176666946655 50.49396666155228 51.118196383002754 51.118196383002754 46.723481879344355 51.118196383002754 48.10621015350067 43.36858607593217 34.99910899624534 0.0 38.86160880706907
47.69308205996443 50.49396666155228 58.258976320651286 46.242176666946655 46.723481879344355 48.10621015350067 60.92568089895428 60.92568089895428 46.723481879344355 51.118196383002754 43.36858607593217 34.99910899624534 38.86160880706907 0.0
