9
0.0 32.49864385278472 25.567012415902216 43.037649943579694 39.3101284771655 51.610475286526864 59.60817620545765 59.60817620545765 39.268896300428864
32.49864385278472 0.0 58.63570374488941 42.58594406172985 32.49864385278472 63.03645211401682 60.04148674443121 39.268896300428864 35.17683134541996
25.567012415902216 58.63570374488941 0.0 39.3101284771655 55.35544738469141 42.58594406172985 66.0374170262276 55.35544738469141 59.60817620545765
43.037649943579694 42.58594406172985 39.3101284771655 0.0 44.62759581309373 54.020485364323825 52.52099169082882 60.669393492191716 25.567012415902216
39.3101284771655 32.49864385278472 55.35544738469141 44.62759581309373 0.0 60.669393492191716 54.020485364323825 25.567012415902216 26.920465666692657
51.610475286526864 63.03645211401682 42.58594406172985 54.020485364323825 60.669393492191716 0.0 66.0374170262276 53.33401230186492 53.33401230186492
59.60817620545765 60.04148674443121 66.0374170262276 52.52099169082882 54.020485364323825 66.0374170262276 0.0 32.49864385278472 66.0374170262276
59.60817620545765 39.268896300428864 55.35544738469141 60.669393492191716 25.567012415902216 53.33401230186492 32.49864385278472 0.0 52.52099169082882
39.268896300428864 35.17683134541996 59.60817620545765 25.567012415902216 26.920465666692657 53.33401230186492 66.0374170262276 52.52099169082882 0.0
