12
0.0 42.71052462880094 45.54647783477124 43.6663931767961 64.99334777506031 58.56956051593338 50.66570736969286 40.79655010673605 58.56956051593338 56.68142381902263 56.68142381902263 34.48441015968825
42.71052462880094 0.0 40.79655010673605 46.90511614353672 51.776322259356824 43.39426260739209 54.970967880590074 48.78663988546603 45.54647783477124 29.507153366224365 50.66570736969286 64.66497088081879
45.54647783477124 40.79655010673605 0.0 29.507153366224365 50.66570736969286 64.99334777506031 40.79655010673605 42.71052462880094 47.324971622470464 25.033470627038177 58.56956051593338 51.776322259356824
43.6663931767961 46.90511614353672 29.507153366224365 0.0 40.79655010673605 46.90511614353672 64.99334777506031 25.033470627038177 25.033470627038177 64.66497088081879 42.71052462880094 54.970967880590074
64.99334777506031 51.776322259356824 50.66570736969286 40.79655010673605 0.0 54.970967880590074 43.39426260739209 50.66570736969286 49.80867145495059 40.79655010673605 49.80867145495059 49.80867145495059
58.56956051593338 43.39426260739209 64.99334777506031 46.90511614353672 54.970967880590074 0.0 43.6663931767961 43.6663931767961 64.66497088081879 49.80867145495059 34.48441015968825 46.63417990408323
50.66570736969286 54.970967880590074 40.79655010673605 64.99334777506031 43.39426260739209 43.6663931767961 0.0 49.80867145495059 45.54647783477124 54.970967880590074 51.776322259356824 49.80867145495059
40.79655010673605 48.78663988546603 42.71052462880094 25.033470627038177 50.66570736969286 43.6663931767961 49.80867145495059 0.0 50.66570736969286 56.68142381902263 40.79655010673605 42.71052462880094
58.56956051593338 45.54647783477124 47.324971622470464 25.033470627038177 49.80867145495059 64.66497088081879 45.54647783477124 50.66570736969286 0.0 64.66497088081879 46.63417990408323 43.6663931767961
56.68142381902263 29.507153366224365 25.033470627038177 64.66497088081879 40.79655010673605 49.80867145495059 54.970967880590074 56.68142381902263 64.66497088081879 0.0 25.033470627038177 64.99334777506031
56.68142381902263 50.66570736969286 58.56956051593338 42.71052462880094 49.80867145495059 34.48441015968825 51.776322259356824 40.79655010673605 46.63417990408323 25.033470627038177 0.0 47.324971622470464
34.48441015968825 64.66497088081879 51.776322259356824 54.970967880590074 49.80867145495059 46.63417990408323 49.80867145495059 42.71052462880094 43.6663931767961 64.99334777506031 47.324971622470464 0.0
