11
0.0 67.28450667875178 56.03190831133298 67.28450667875178 26.537591864880902 38.3378584634945 57.08880806746215 56.03190831133298 54.779618716167235 48.71006499532194 38.3378584634945
67.28450667875178 0.0 46.332386573829304 35.382166884512465 46.03184265129809 48.71006499532194 56.51432093696893 67.28450667875178 57.08880806746215 57.08880806746215 50.26068335221519
56.03190831133298 46.332386573829304 0.0 54.779618716167235 67.28450667875178 53.35317016076305 46.03184265129809 46.03184265129809 41.97586710647342 35.32243369955165 56.51432093696893
67.28450667875178 35.382166884512465 54.779618716167235 0.0 44.518854959099045 26.537591864880902 56.51432093696893 28.14710005228346 54.470514056855045 60.60401167731613 56.03190831133298
26.537591864880902 46.03184265129809 67.28450667875178 44.518854959099045 0.0 54.779618716167235 44.518854959099045 26.537591864880902 44.518854959099045 56.51432093696893 60.60401167731613
38.3378584634945 48.71006499532194 53.35317016076305 26.537591864880902 54.779618716167235 0.0 53.35317016076305 50.26068335221519 29.635589972266104 67.28450667875178 56.03190831133298
57.08880806746215 56.51432093696893 46.03184265129809 56.51432093696893 44.518854959099045 53.35317016076305 0.0 53.35317016076305 46.03184265129809 38.3378584634945 54.779618716167235
56.03190831133298 67.28450667875178 46.03184265129809 28.14710005228346 26.537591864880902 50.26068335221519 53.35317016076305 0.0 56.03190831133298 56.03190831133298 54.470514056855045
54.779618716167235 57.08880806746215 41.97586710647342 54.470514056855045 44.518854959099045 29.635589972266104 46.03184265129809 56.03190831133298 0.0 35.32243369955165 28.14710005228346
48.71006499532194 57.08880806746215 35.32243369955165 60.60401167731613 56.51432093696893 67.28450667875178 38.3378584634945 56.03190831133298 35.32243369955165 0.0 56.03190831133298
38.3378584634945 50.26068335221519 56.51432093696893 56.03190831133298 60.60401167731613 56.03190831133298 54.779618716167235 54.470514056855045 28.14710005228346 56.03190831133298 0.0
