10
0.0 41.503067750705526 54.77336930760917 28.45330354941922 56.77225924756206 52.39179686909969 45.010270422960474 68.8506551792946 56.863646767249776 28.45330354941922
41.503067750705526 0.0 45.010270422960474 54.77336930760917 28.45330354941922 56.77225924756206 45.010270422960474 66.4607713579131 52.851180861382105 68.8506551792946
54.77336930760917 45.010270422960474 0.0 45.17252400735309 44.11112529022289 44.11112529022289 41.503067750705526 41.503067750705526 33.79050522461949 56.38605063027879
28.45330354941922 54.77336930760917 45.17252400735309 0.0 33.79050522461949 52.851180861382105 56.77225924756206 51.91726284113819 68.8506551792946 43.12571431777656
56.77225924756206 28.45330354941922 44.11112529022289 33.79050522461949 0.0 51.91726284113819 56.38605063027879 31.064089933222064 69.17863552402353 51.91726284113819
52.39179686909969 56.77225924756206 44.11112529022289 52.851180861382105 51.91726284113819 0.0 66.4607713579131 52.39179686909969 56.38605063027879 41.503067750705526
45.010270422960474 45.010270422960474 41.503067750705526 56.77225924756206 56.38605063027879 66.4607713579131 0.0 31.064089933222064 45.010270422960474 49.279506979034814
68.8506551792946 66.4607713579131 41.503067750705526 51.91726284113819 31.064089933222064 52.39179686909969 31.064089933222064 0.0 45.010270422960474 51.95629559902863
56.863646767249776 52.851180861382105 33.79050522461949 68.8506551792946 69.17863552402353 56.38605063027879 45.010270422960474 45.010270422960474 0.0 51.95629559902863
28.45330354941922 68.8506551792946 56.38605063027879 43.12571431777656 51.91726284113819 41.503067750705526 49.279506979034814 51.95629559902863 51.95629559902863 0.0
