20
0.0 52.68902961401716 55.23516294246661 52.438500901706774 44.67559121512017 39.47105889579277 64.14926371994136 59.00126224445544 44.67559121512017 54.83957500571115 44.67559121512017 59.86404662204732 44.67559121512017 38.30625996118053 41.22919917697281 41.38321086784517 57.579718638432226 44.32345355959305 39.47105889579277 41.96255241183299
52.68902961401716 0.0 51.18508500064918 44.65609630246372 57.13110565204778 36.28371010255378 42.00246958898299 55.23516294246661 46.11259387193457 52.68902961401716 55.50935421272515 64.22803966724935 52.68902961401716 54.83957500571115 47.607831790389575 39.847843055098 49.709986812701715 56.3868783167092 59.93726351456923 46.11259387193457
55.23516294246661 51.18508500064918 0.0 45.61658733912547 64.71927526823976 54.72034712733548 35.193825932475235 59.86404662204732 50.49778285945576 52.749089476206436 63.68842378681577 39.536075977847915 44.61098431295774 53.59840965332978 52.749089476206436 41.96255241183299 45.988307143912905 42.00246958898299 41.733563967575016 46.11259387193457
52.438500901706774 44.65609630246372 45.61658733912547 0.0 54.83957500571115 49.27169348686581 77.12544840741582 55.046516560333394 48.53235456416859 44.69342348992458 52.438500901706774 57.579718638432226 48.342694601753394 38.01664522793253 56.25382092062329 45.61658733912547 52.749089476206436 54.19278708647186 38.000869032628614 59.00126224445544
44.67559121512017 57.13110565204778 64.71927526823976 54.83957500571115 0.0 54.19278708647186 44.65609630246372 44.65609630246372 45.429282948180706 57.579718638432226 62.72279193655809 52.68902961401716 52.366854701253565 39.536075977847915 60.7575052900728 39.847843055098 49.709986812701715 44.67559121512017 52.68902961401716 39.847843055098
39.47105889579277 36.28371010255378 54.72034712733548 49.27169348686581 54.19278708647186 0.0 45.988307143912905 64.22803966724935 44.12623657708721 38.30625996118053 55.046516560333394 30.228306171944116 27.584952603464487 48.53235456416859 38.000869032628614 54.83957500571115 47.607831790389575 30.228306171944116 34.2733207329483 46.11259387193457
64.14926371994136 42.00246958898299 35.193825932475235 77.12544840741582 44.65609630246372 45.988307143912905 0.0 41.55659059853198 62.907473321145325 27.584952603464487 62.63889122850179 50.49778285945576 49.27169348686581 44.61098431295774 39.847843055098 54.72034712733548 52.68902961401716 30.61315442557633 62.559563898480775 48.453649335303965
59.00126224445544 55.23516294246661 59.86404662204732 55.046516560333394 44.65609630246372 64.22803966724935 41.55659059853198 0.0 54.19278708647186 45.55410449799383 62.907473321145325 42.30431735574784 47.57806826334814 52.366854701253565 52.749089476206436 47.607831790389575 39.847843055098 46.11259387193457 52.438500901706774 53.59840965332978
44.67559121512017 46.11259387193457 50.49778285945576 48.53235456416859 45.429282948180706 44.12623657708721 62.907473321145325 54.19278708647186 0.0 48.342694601753394 56.25382092062329 42.00246958898299 42.30431735574784 63.055614392640415 44.61098431295774 41.733563967575016 60.7575052900728 26.01348739761846 56.25382092062329 41.96255241183299
54.83957500571115 52.68902961401716 52.749089476206436 44.69342348992458 57.579718638432226 38.30625996118053 27.584952603464487 45.55410449799383 48.342694601753394 0.0 41.96255241183299 39.847843055098 47.57806826334814 54.83957500571115 57.23250073868003 39.104662091543375 44.61098431295774 38.614145517583516 46.11259387193457 63.055614392640415
44.67559121512017 55.50935421272515 63.68842378681577 52.438500901706774 62.72279193655809 55.046516560333394 62.63889122850179 62.907473321145325 56.25382092062329 41.96255241183299 0.0 52.438500901706774 30.61315442557633 59.58142225394516 42.30431735574784 40.1664128252373 30.61315442557633 62.559563898480775 58.577475057594164 42.30431735574784
59.86404662204732 64.22803966724935 39.536075977847915 57.579718638432226 52.68902961401716 30.228306171944116 50.49778285945576 42.30431735574784 42.00246958898299 39.847843055098 52.438500901706774 0.0 62.907473321145325 62.72279193655809 56.3868783167092 56.25382092062329 50.49778285945576 54.83957500571115 42.43949243580129 49.55697085757358
44.67559121512017 52.68902961401716 44.61098431295774 48.342694601753394 52.366854701253565 27.584952603464487 49.27169348686581 47.57806826334814 42.30431735574784 47.57806826334814 30.61315442557633 62.907473321145325 0.0 59.93726351456923 77.12544840741582 51.18508500064918 39.104662091543375 41.22919917697281 64.22803966724935 42.30431735574784
38.30625996118053 54.83957500571115 53.59840965332978 38.01664522793253 39.536075977847915 48.53235456416859 44.61098431295774 52.366854701253565 63.055614392640415 54.83957500571115 59.58142225394516 62.72279193655809 59.93726351456923 0.0 38.000869032628614 62.559563898480775 62.63889122850179 40.84695417366395 45.429282948180706 36.28371010255378
41.22919917697281 47.607831790389575 52.749089476206436 56.25382092062329 60.7575052900728 38.000869032628614 39.847843055098 52.749089476206436 44.61098431295774 57.23250073868003 42.30431735574784 56.3868783167092 77.12544840741582 38.000869032628614 0.0 36.8946737886354 41.22919917697281 52.68902961401716 53.59840965332978 38.614145517583516
41.38321086784517 39.847843055098 41.96255241183299 45.61658733912547 39.847843055098 54.83957500571115 54.72034712733548 47.607831790389575 41.733563967575016 39.104662091543375 40.1664128252373 56.25382092062329 51.18508500064918 62.559563898480775 36.8946737886354 0.0 45.429282948180706 48.453649335303965 53.61135750839207 36.8946737886354
57.579718638432226 49.709986812701715 45.988307143912905 52.749089476206436 49.709986812701715 47.607831790389575 52.68902961401716 39.847843055098 60.7575052900728 44.61098431295774 30.61315442557633 50.49778285945576 39.104662091543375 62.63889122850179 41.22919917697281 45.429282948180706 0.0 41.733563967575016 62.907473321145325 41.55659059853198
44.32345355959305 56.3868783167092 42.00246958898299 54.19278708647186 44.67559121512017 30.228306171944116 30.61315442557633 46.11259387193457 26.01348739761846 38.614145517583516 62.559563898480775 54.83957500571115 41.22919917697281 40.84695417366395 52.68902961401716 48.453649335303965 41.733563967575016 0.0 64.22803966724935 58.577475057594164
39.47105889579277 59.93726351456923 41.733563967575016 38.000869032628614 52.68902961401716 34.2733207329483 62.559563898480775 52.438500901706774 56.25382092062329 46.11259387193457 58.577475057594164 42.43949243580129 64.22803966724935 45.429282948180706 53.59840965332978 53.61135750839207 62.907473321145325 64.22803966724935 0.0 57.579718638432226
41.96255241183299 46.11259387193457 46.11259387193457 59.00126224445544 39.847843055098 46.11259387193457 48.453649335303965 53.59840965332978 41.96255241183299 63.055614392640415 42.30431735574784 49.55697085757358 42.30431735574784 36.28371010255378 38.614145517583516 36.8946737886354 41.55659059853198 58.577475057594164 57.579718638432226 0.0
