10
0.0 47.9102945684024 70.56589590011725 48.1200928289735 39.08151685587417 55.274908344286274 55.205188687138985 54.54936323536916 39.08151685587417 54.23657278890698
47.9102945684024 0.0 54.54936323536916 55.274908344286274 51.551975741343085 51.551975741343085 55.274908344286274 64.39219558404477 66.35895470992489 64.39219558404477
70.56589590011725 54.54936323536916 0.0 48.1200928289735 47.9102945684024 55.205188687138985 46.41005854574726 47.278849462760704 62.91924826116142 64.39219558404477
48.1200928289735 55.274908344286274 48.1200928289735 0.0 48.1200928289735 66.35895470992489 49.441903696274004 66.35895470992489 62.91924826116142 54.23657278890698
39.08151685587417 51.551975741343085 47.9102945684024 48.1200928289735 0.0 23.658243619185196 64.39219558404477 49.441903696274004 48.1200928289735 77.19853740308021
55.274908344286274 51.551975741343085 55.205188687138985 66.35895470992489 23.658243619185196 0.0 55.205188687138985 48.1200928289735 69.50585174893038 23.658243619185196
55.205188687138985 55.274908344286274 46.41005854574726 49.441903696274004 64.39219558404477 55.205188687138985 0.0 39.08151685587417 34.232859948707876 55.274908344286274
54.54936323536916 64.39219558404477 47.278849462760704 66.35895470992489 49.441903696274004 48.1200928289735 39.08151685587417 0.0 62.91924826116142 62.458188291857674
39.08151685587417 66.35895470992489 62.91924826116142 62.91924826116142 48.1200928289735 69.50585174893038 34.232859948707876 62.91924826116142 0.0 51.551975741343085
54.23657278890698 64.39219558404477 64.39219558404477 54.23657278890698 77.19853740308021 23.658243619185196 55.274908344286274 62.458188291857674 51.551975741343085 0.0
