20
0.0 54.93209530378441 52.43640558726272 52.14258585469293 71.73333287564965 47.24042475987897 52.14258585469293 58.10391071995234 38.35997757826229 33.97708637831532 37.83150693367237 60.83279507455078 52.14258585469293 49.98330543845552 51.93198241943188 40.87110147654229 56.64678953159611 49.98330543845552 51.38581668130433 36.098285944956245
54.93209530378441 0.0 51.34981739861088 63.989544536056115 45.79325563887665 63.00829085497517 33.97708637831532 36.098285944956245 46.416866298719974 42.70389555255099 48.08842111471922 52.50994068291487 63.61625282891305 54.93209530378441 54.638777702056196 71.73333287564965 38.099999598278714 60.38372185667957 40.87110147654229 54.638777702056196
52.43640558726272 51.34981739861088 0.0 62.78474195411711 52.43640558726272 51.17505311794277 51.93198241943188 44.16206910442459 51.17505311794277 44.262419045384405 30.286665608109963 37.31304178062982 46.7180330318871 52.63959599314951 63.54071250193564 50.416130519523776 44.79858280333311 46.09034648101762 33.97708637831532 49.83598037686506
52.14258585469293 63.989544536056115 62.78474195411711 0.0 46.416866298719974 57.94468497057079 62.19915883267154 36.098285944956245 62.41743353470082 45.79325563887665 57.14915278298691 57.63075517361719 55.7266818393434 43.069468989172094 66.04311261340482 34.931578537159034 49.98330543845552 39.72268202793197 64.58417047645834 54.68191432831263
71.73333287564965 45.79325563887665 52.43640558726272 46.416866298719974 0.0 39.99536660543876 63.54071250193564 62.78474195411711 52.50994068291487 37.85998112230402 44.37454363175492 58.481620245901794 51.34981739861088 30.286665608109963 56.64678953159611 52.83297419405557 54.93209530378441 44.79858280333311 51.38581668130433 43.77786134911633
47.24042475987897 63.00829085497517 51.17505311794277 57.94468497057079 39.99536660543876 0.0 63.54071250193564 62.41743353470082 39.99536660543876 52.83297419405557 43.069468989172094 59.11332927959125 39.99536660543876 42.70389555255099 34.31696150742753 48.08842111471922 49.83598037686506 63.989544536056115 37.31304178062982 50.416130519523776
52.14258585469293 33.97708637831532 51.93198241943188 62.19915883267154 63.54071250193564 63.54071250193564 0.0 45.83749555971177 27.630238141337124 39.72268202793197 44.57231077616786 51.38581668130433 54.93209530378441 31.598472190629458 46.7180330318871 42.70389555255099 60.38372185667957 57.63075517361719 53.46999241835971 39.99536660543876
58.10391071995234 36.098285944956245 44.16206910442459 36.098285944956245 62.78474195411711 62.41743353470082 45.83749555971177 0.0 63.61625282891305 51.064607672947616 59.11332927959125 54.448899233201075 44.262419045384405 44.37454363175492 44.37454363175492 54.448899233201075 46.09034648101762 51.93198241943188 53.14067335740759 37.85998112230402
38.35997757826229 46.416866298719974 51.17505311794277 62.41743353470082 52.50994068291487 39.99536660543876 27.630238141337124 63.61625282891305 0.0 57.749393067861554 31.598472190629458 49.634517196828135 50.416130519523776 62.11217892069892 54.448899233201075 45.795781467900625 44.37454363175492 38.35997757826229 43.77786134911633 45.795781467900625
33.97708637831532 42.70389555255099 44.262419045384405 45.79325563887665 37.85998112230402 52.83297419405557 39.72268202793197 51.064607672947616 57.749393067861554 0.0 54.638777702056196 60.83279507455078 34.31696150742753 54.68191432831263 60.38372185667957 38.099999598278714 64.58417047645834 54.93209530378441 57.63075517361719 59.759576010194934
37.83150693367237 48.08842111471922 30.286665608109963 57.14915278298691 44.37454363175492 43.069468989172094 44.57231077616786 59.11332927959125 31.598472190629458 54.638777702056196 0.0 38.099999598278714 38.35997757826229 55.7266818393434 39.86376246175163 43.069468989172094 51.064607672947616 44.79858280333311 52.14258585469293 58.10391071995234
60.83279507455078 52.50994068291487 37.31304178062982 57.63075517361719 58.481620245901794 59.11332927959125 51.38581668130433 54.448899233201075 49.634517196828135 60.83279507455078 38.099999598278714 0.0 62.11217892069892 64.58417047645834 44.57231077616786 59.759576010194934 62.19915883267154 52.63959599314951 63.00829085497517 50.01606875070699
52.14258585469293 63.61625282891305 46.7180330318871 55.7266818393434 51.34981739861088 39.99536660543876 54.93209530378441 44.262419045384405 50.416130519523776 34.31696150742753 38.35997757826229 62.11217892069892 0.0 34.31696150742753 66.04311261340482 47.24042475987897 47.145096568413834 57.63075517361719 64.58417047645834 53.14067335740759
49.98330543845552 54.93209530378441 52.63959599314951 43.069468989172094 30.286665608109963 42.70389555255099 31.598472190629458 44.37454363175492 62.11217892069892 54.68191432831263 55.7266818393434 64.58417047645834 34.31696150742753 0.0 55.704077311969726 57.749393067861554 53.14067335740759 34.931578537159034 47.145096568413834 53.46999241835971
51.93198241943188 54.638777702056196 63.54071250193564 66.04311261340482 56.64678953159611 34.31696150742753 46.7180330318871 44.37454363175492 54.448899233201075 60.38372185667957 39.86376246175163 44.57231077616786 66.04311261340482 55.704077311969726 0.0 50.155146847422785 30.286665608109963 63.54071250193564 62.78474195411711 53.46999241835971
40.87110147654229 71.73333287564965 50.416130519523776 34.931578537159034 52.83297419405557 48.08842111471922 42.70389555255099 54.448899233201075 45.795781467900625 38.099999598278714 43.069468989172094 59.759576010194934 47.24042475987897 57.749393067861554 50.155146847422785 0.0 51.064607672947616 52.14258585469293 51.17505311794277 52.63959599314951
56.64678953159611 38.099999598278714 44.79858280333311 49.98330543845552 54.93209530378441 49.83598037686506 60.38372185667957 46.09034648101762 44.37454363175492 64.58417047645834 51.064607672947616 62.19915883267154 47.145096568413834 53.14067335740759 30.286665608109963 51.064607672947616 0.0 37.83150693367237 57.14915278298691 46.416866298719974
49.98330543845552 60.38372185667957 46.09034648101762 39.72268202793197 44.79858280333311 63.989544536056115 57.63075517361719 51.93198241943188 38.35997757826229 54.93209530378441 44.79858280333311 52.63959599314951 57.63075517361719 34.931578537159034 63.54071250193564 52.14258585469293 37.83150693367237 0.0 54.448899233201075 49.172908563599954
51.38581668130433 40.87110147654229 33.97708637831532 64.58417047645834 51.38581668130433 37.31304178062982 53.46999241835971 53.14067335740759 43.77786134911633 57.63075517361719 52.14258585469293 63.00829085497517 64.58417047645834 47.145096568413834 62.78474195411711 51.17505311794277 57.14915278298691 54.448899233201075 0.0 59.11332927959125
36.098285944956245 54.638777702056196 49.83598037686506 54.68191432831263 43.77786134911633 50.416130519523776 39.99536660543876 37.85998112230402 45.795781467900625 59.759576010194934 58.10391071995234 50.01606875070699 53.14067335740759 53.46999241835971 53.46999241835971 52.63959599314951 46.416866298719974 49.172908563599954 59.11332927959125 0.0
