20
0.0 57.426018242753486 71.3818768055965 57.426018242753486 64.65714000148785 52.58768177523054 61.04463854954214 49.34989517692376 65.04208376039163 47.57923834850138 35.76348088509444 35.86928047927549 45.64414821886965 49.53658910286208 49.34989517692376 63.85709233776584 42.33361018154889 48.18641720598247 48.18641720598247 44.328260303084114
57.426018242753486 0.0 53.707427432685336 63.54542100732358 57.62828035134346 62.586869823633776 49.77428268000813 43.315065750232 37.719370212220646 32.83025942039444 61.75767873228804 55.12408456783871 49.99146309638855 62.06904666489609 36.30687012478029 49.18137169955128 34.09872878681211 37.388477669159656 53.509767919183226 37.719370212220646
71.3818768055965 53.707427432685336 0.0 43.315065750232 49.605965684964765 58.066575963286596 49.698244564805194 39.11313707805224 49.53658910286208 58.601891548502735 48.247680105587975 30.390957312113095 52.28179164632827 35.131917201851024 48.18641720598247 47.187115681883874 39.35945828653949 36.30687012478029 63.85709233776584 34.4770584529477
57.426018242753486 63.54542100732358 43.315065750232 0.0 56.69022455431158 47.93125626340232 65.91803902775902 48.18641720598247 58.066575963286596 35.131917201851024 39.41560657615214 42.33361018154889 52.70123183542123 39.11313707805224 52.70123183542123 32.86898496633707 55.28734482205513 57.426018242753486 44.064392199211824 45.19426558326986
64.65714000148785 57.62828035134346 49.605965684964765 56.69022455431158 0.0 60.928979709706695 43.81759738013021 58.066575963286596 42.33361018154889 32.18298602598611 58.25208590921943 30.390957312113095 63.85709233776584 57.426018242753486 64.65714000148785 40.26485549409122 49.18137169955128 55.39857851483261 47.187115681883874 32.18298602598611
52.58768177523054 62.586869823633776 58.066575963286596 47.93125626340232 60.928979709706695 0.0 47.90206656532093 51.19447952646099 39.01033518269351 45.265948000259996 47.90206656532093 37.388477669159656 43.94649420211053 58.601891548502735 53.707427432685336 35.76348088509444 39.35945828653949 55.4996841093101 49.18137169955128 36.15243264179198
61.04463854954214 49.77428268000813 49.698244564805194 65.91803902775902 43.81759738013021 47.90206656532093 0.0 57.62828035134346 61.07565987150299 57.426018242753486 55.28734482205513 39.01033518269351 39.41560657615214 47.187115681883874 39.01033518269351 61.04463854954214 63.54542100732358 45.19426558326986 55.39857851483261 50.190499095713875
49.34989517692376 43.315065750232 39.11313707805224 48.18641720598247 58.066575963286596 51.19447952646099 57.62828035134346 0.0 57.426018242753486 63.86268032111313 47.40599458475136 49.53658910286208 51.830333979563164 63.85709233776584 37.719370212220646 61.75767873228804 53.80166649692813 43.81759738013021 42.75425708106195 58.601891548502735
65.04208376039163 37.719370212220646 49.53658910286208 58.066575963286596 42.33361018154889 39.01033518269351 61.07565987150299 57.426018242753486 0.0 55.28734482205513 49.605965684964765 42.33361018154889 38.56578468583465 49.18137169955128 37.388477669159656 65.04208376039163 63.54542100732358 63.86268032111313 45.19426558326986 63.85709233776584
47.57923834850138 32.83025942039444 58.601891548502735 35.131917201851024 32.18298602598611 45.265948000259996 57.426018242753486 63.86268032111313 55.28734482205513 0.0 47.40599458475136 42.75425708106195 47.90206656532093 57.793794392089744 52.7525766436193 40.26485549409122 39.41560657615214 32.18298602598611 48.18641720598247 35.76348088509444
35.76348088509444 61.75767873228804 48.247680105587975 39.41560657615214 58.25208590921943 47.90206656532093 55.28734482205513 47.40599458475136 49.605965684964765 47.40599458475136 0.0 47.40599458475136 47.187115681883874 43.94649420211053 51.19447952646099 45.19426558326986 60.928979709706695 48.247680105587975 49.87281756668794 32.86898496633707
35.86928047927549 55.12408456783871 30.390957312113095 42.33361018154889 30.390957312113095 37.388477669159656 39.01033518269351 49.53658910286208 42.33361018154889 42.75425708106195 47.40599458475136 0.0 31.53227754981583 49.995180716229285 50.190499095713875 49.53658910286208 47.40599458475136 49.87281756668794 60.928979709706695 52.7525766436193
45.64414821886965 49.99146309638855 52.28179164632827 52.70123183542123 63.85709233776584 43.94649420211053 39.41560657615214 51.830333979563164 38.56578468583465 47.90206656532093 47.187115681883874 31.53227754981583 0.0 63.86268032111313 64.65714000148785 45.265948000259996 37.388477669159656 48.18641720598247 57.793794392089744 45.64414821886965
49.53658910286208 62.06904666489609 35.131917201851024 39.11313707805224 57.426018242753486 58.601891548502735 47.187115681883874 63.85709233776584 49.18137169955128 57.793794392089744 43.94649420211053 49.995180716229285 63.86268032111313 0.0 52.58768177523054 30.390957312113095 47.57923834850138 57.793794392089744 58.601891548502735 52.70123183542123
49.34989517692376 36.30687012478029 48.18641720598247 52.70123183542123 64.65714000148785 53.707427432685336 39.01033518269351 37.719370212220646 37.388477669159656 52.7525766436193 51.19447952646099 50.190499095713875 64.65714000148785 52.58768177523054 0.0 40.26485549409122 63.85709233776584 40.26485549409122 44.328260303084114 38.56578468583465
63.85709233776584 49.18137169955128 47.187115681883874 32.86898496633707 40.26485549409122 35.76348088509444 61.04463854954214 61.75767873228804 65.04208376039163 40.26485549409122 45.19426558326986 49.53658910286208 45.265948000259996 30.390957312113095 40.26485549409122 0.0 35.86928047927549 53.707427432685336 49.698244564805194 38.56578468583465
42.33361018154889 34.09872878681211 39.35945828653949 55.28734482205513 49.18137169955128 39.35945828653949 63.54542100732358 53.80166649692813 63.54542100732358 39.41560657615214 60.928979709706695 47.40599458475136 37.388477669159656 47.57923834850138 63.85709233776584 35.86928047927549 0.0 47.57923834850138 34.4770584529477 56.69022455431158
48.18641720598247 37.388477669159656 36.30687012478029 57.426018242753486 55.39857851483261 55.4996841093101 45.19426558326986 43.81759738013021 63.86268032111313 32.18298602598611 48.247680105587975 49.87281756668794 48.18641720598247 57.793794392089744 40.26485549409122 53.707427432685336 47.57923834850138 0.0 61.75767873228804 39.41560657615214
48.18641720598247 53.509767919183226 63.85709233776584 44.064392199211824 47.187115681883874 49.18137169955128 55.39857851483261 42.75425708106195 45.19426558326986 48.18641720598247 49.87281756668794 60.928979709706695 57.793794392089744 58.601891548502735 44.328260303084114 49.698244564805194 34.4770584529477 61.75767873228804 0.0 53.509767919183226
44.328260303084114 37.719370212220646 34.4770584529477 45.19426558326986 32.18298602598611 36.15243264179198 50.190499095713875 58.601891548502735 63.85709233776584 35.76348088509444 32.86898496633707 52.7525766436193 45.64414821886965 52.70123183542123 38.56578468583465 38.56578468583465 56.69022455431158 39.41560657615214 53.509767919183226 0.0
