20
0.0 44.22070724090296 35.059444828432994 66.29274110310223 40.219496926159344 35.55820140020938 66.29274110310223 56.90951025300165 44.33105239126736 44.4238508856234 58.45220573813484 49.698836501400294 51.966059406194354 79.50938918284143 46.05272591158519 46.20572448723917 49.698836501400294 64.51262588973948 45.371733563509935 58.95481602950247
44.22070724090296 0.0 37.77558576442255 79.50938918284143 50.48790726764966 44.33105239126736 64.21066766725335 55.547965548902226 51.3249793426158 52.28293224820181 45.67989240433874 77.40754693369774 44.95597035265834 38.85629156437622 31.292560337641568 46.20572448723917 52.603462716629785 59.75472876776469 56.90951025300165 38.98227775942613
35.059444828432994 37.77558576442255 0.0 54.83283522272812 43.12604301101156 54.95788924332253 37.77558576442255 51.74349060539402 51.74349060539402 37.77558576442255 55.80231550630161 79.50938918284143 58.828425872630234 45.47149628595461 49.798331194174835 36.43982305897917 51.74349060539402 49.798331194174835 50.49364355241203 69.59624257296024
66.29274110310223 79.50938918284143 54.83283522272812 0.0 56.13972434103272 59.16644644036824 52.764337178960304 45.67989240433874 58.91182360528212 51.43611387359016 55.547965548902226 56.85122023922569 70.94773049985547 44.4238508856234 54.1040286695143 60.40924389558572 43.680953738351825 54.1040286695143 47.84469921987907 51.43611387359016
40.219496926159344 50.48790726764966 43.12604301101156 56.13972434103272 0.0 60.40924389558572 59.75472876776469 58.92166094181688 58.95481602950247 64.21066766725335 54.64633677050969 35.059444828432994 52.28293224820181 58.45220573813484 44.54466252446078 34.32069830305989 49.06374653787943 58.91182360528212 55.09464022086232 44.11350309774565
35.55820140020938 44.33105239126736 54.95788924332253 59.16644644036824 60.40924389558572 0.0 49.06374653787943 36.51107540748703 58.91182360528212 38.59363094304038 38.85629156437622 43.680953738351825 56.85122023922569 45.47149628595461 63.618637258896484 56.13972434103272 49.698836501400294 40.219496926159344 50.49364355241203 64.21066766725335
66.29274110310223 64.21066766725335 37.77558576442255 52.764337178960304 59.75472876776469 49.06374653787943 0.0 38.59363094304038 36.51107540748703 35.55820140020938 50.49364355241203 44.33105239126736 58.45220573813484 42.96659872026321 54.64633677050969 36.78102315606783 60.40924389558572 64.0081289628856 50.48790726764966 63.618637258896484
56.90951025300165 55.547965548902226 51.74349060539402 45.67989240433874 58.92166094181688 36.51107540748703 38.59363094304038 0.0 51.3249793426158 43.680953738351825 40.6925928581465 51.966059406194354 54.11113972521024 53.3593294371228 54.73931270276736 50.49364355241203 57.230219346618256 56.13972434103272 42.92013925493044 45.67989240433874
44.33105239126736 51.3249793426158 51.74349060539402 58.91182360528212 58.95481602950247 58.91182360528212 36.51107540748703 51.3249793426158 0.0 36.12641465848786 63.618637258896484 40.6925928581465 46.20572448723917 53.35500884308275 37.77558576442255 63.618637258896484 54.83283522272812 59.16644644036824 70.94773049985547 47.84469921987907
44.4238508856234 52.28293224820181 37.77558576442255 51.43611387359016 64.21066766725335 38.59363094304038 35.55820140020938 43.680953738351825 36.12641465848786 0.0 38.85629156437622 52.603462716629785 52.28293224820181 44.54466252446078 45.47149628595461 46.98926404040638 44.4238508856234 46.855882433366574 36.12641465848786 42.96659872026321
58.45220573813484 45.67989240433874 55.80231550630161 55.547965548902226 54.64633677050969 38.85629156437622 50.49364355241203 40.6925928581465 63.618637258896484 38.85629156437622 0.0 46.05272591158519 54.83283522272812 54.95788924332253 42.84060779799737 51.74349060539402 44.22070724090296 31.292560337641568 45.371733563509935 44.22070724090296
49.698836501400294 77.40754693369774 79.50938918284143 56.85122023922569 35.059444828432994 43.680953738351825 44.33105239126736 51.966059406194354 40.6925928581465 52.603462716629785 46.05272591158519 0.0 46.98926404040638 43.12604301101156 45.67989240433874 46.855882433366574 77.40754693369774 42.84060779799737 56.13972434103272 49.872902698828334
51.966059406194354 44.95597035265834 58.828425872630234 70.94773049985547 52.28293224820181 56.85122023922569 58.45220573813484 54.11113972521024 46.20572448723917 52.28293224820181 54.83283522272812 46.98926404040638 0.0 46.855882433366574 56.90951025300165 44.33105239126736 58.828425872630234 53.35500884308275 46.05272591158519 55.547965548902226
79.50938918284143 38.85629156437622 45.47149628595461 44.4238508856234 58.45220573813484 45.47149628595461 42.96659872026321 53.3593294371228 53.35500884308275 44.54466252446078 54.95788924332253 43.12604301101156 46.855882433366574 0.0 52.764337178960304 52.764337178960304 79.50938918284143 52.603462716629785 39.43550572700849 42.22643418260045
46.05272591158519 31.292560337641568 49.798331194174835 54.1040286695143 44.54466252446078 63.618637258896484 54.64633677050969 54.73931270276736 37.77558576442255 45.47149628595461 42.84060779799737 45.67989240433874 56.90951025300165 52.764337178960304 0.0 64.0081289628856 39.43550572700849 54.11113972521024 59.75472876776469 43.680953738351825
46.20572448723917 46.20572448723917 36.43982305897917 60.40924389558572 34.32069830305989 56.13972434103272 36.78102315606783 50.49364355241203 63.618637258896484 46.98926404040638 51.74349060539402 46.855882433366574 44.33105239126736 52.764337178960304 64.0081289628856 0.0 58.45220573813484 58.95481602950247 59.75472876776469 56.90951025300165
49.698836501400294 52.603462716629785 51.74349060539402 43.680953738351825 49.06374653787943 49.698836501400294 60.40924389558572 57.230219346618256 54.83283522272812 44.4238508856234 44.22070724090296 77.40754693369774 58.828425872630234 79.50938918284143 39.43550572700849 58.45220573813484 0.0 45.47149628595461 51.3249793426158 40.219496926159344
64.51262588973948 59.75472876776469 49.798331194174835 54.1040286695143 58.91182360528212 40.219496926159344 64.0081289628856 56.13972434103272 59.16644644036824 46.855882433366574 31.292560337641568 42.84060779799737 53.35500884308275 52.603462716629785 54.11113972521024 58.95481602950247 45.47149628595461 0.0 56.85122023922569 36.78102315606783
45.371733563509935 56.90951025300165 50.49364355241203 47.84469921987907 55.09464022086232 50.49364355241203 50.48790726764966 42.92013925493044 70.94773049985547 36.12641465848786 45.371733563509935 56.13972434103272 46.05272591158519 39.43550572700849 59.75472876776469 59.75472876776469 51.3249793426158 56.85122023922569 0.0 40.219496926159344
58.95481602950247 38.98227775942613 69.59624257296024 51.43611387359016 44.11350309774565 64.21066766725335 63.618637258896484 45.67989240433874 47.84469921987907 42.96659872026321 44.22070724090296 49.872902698828334 55.547965548902226 42.22643418260045 43.680953738351825 56.90951025300165 40.219496926159344 36.78102315606783 40.219496926159344 0.0
