20
0.0 50.98074665243856 54.3978465513227 63.70969506226936 37.639964200576685 52.640468902042194 44.76697451411062 65.62276058772163 60.37976972430478 53.91274453386346 40.265063374724065 28.704322950973037 54.3978465513227 50.91226555060508 42.044111942345516 52.704777473997254 43.76872230613077 45.08349637489185 40.06341881400398 44.013337932868566
50.98074665243856 0.0 45.08349637489185 45.08349637489185 44.93278443360862 42.76968206116472 43.273616955866906 37.639964200576685 52.704777473997254 42.044111942345516 30.439461399697464 51.93945875959148 73.64390984130983 51.93945875959148 55.16631893401664 60.37976972430478 65.62276058772163 37.19229518008724 54.475148878674105 56.093751645871244
54.3978465513227 45.08349637489185 0.0 51.24265405607782 46.87863064107671 51.16145641638299 67.26126003138324 43.76872230613077 29.388253270782872 40.265063374724065 51.16145641638299 28.025451851900097 54.62961823728651 50.91226555060508 51.24265405607782 56.093751645871244 44.47988510984561 38.17596744758553 44.03260013255018 60.223418084736466
63.70969506226936 45.08349637489185 51.24265405607782 0.0 50.13490455519984 47.4258367445305 71.60291025898479 66.30980712526897 46.00529230250812 54.475148878674105 34.15435077108233 37.639964200576685 49.63790796943812 42.824483800367645 44.61585555045289 37.19229518008724 50.68108893450573 49.63790796943812 48.60320802761091 45.673862354239894
37.639964200576685 44.93278443360862 46.87863064107671 50.13490455519984 0.0 60.223418084736466 46.51190288325849 70.00004531258668 44.76697451411062 45.673862354239894 67.26126003138324 51.16145641638299 36.06817602193311 71.60291025898479 40.06341881400398 43.609802198212925 59.506662129122816 54.62961823728651 30.439461399697464 47.4258367445305
52.640468902042194 42.76968206116472 51.16145641638299 47.4258367445305 60.223418084736466 0.0 51.93945875959148 53.37414458250871 44.61585555045289 51.93945875959148 36.06817602193311 47.45592647702176 49.48828509559972 34.11860721079587 34.15435077108233 36.72916727859767 46.51190288325849 46.00529230250812 39.44994619340922 63.70969506226936
44.76697451411062 43.273616955866906 67.26126003138324 71.60291025898479 46.51190288325849 51.93945875959148 0.0 44.47988510984561 31.86360370856579 44.61585555045289 42.42369754440408 31.86360370856579 51.317944303992235 50.91226555060508 39.44994619340922 42.824483800367645 65.62276058772163 43.273616955866906 70.00004531258668 43.561874991818435
65.62276058772163 37.639964200576685 43.76872230613077 66.30980712526897 70.00004531258668 53.37414458250871 44.47988510984561 0.0 71.60291025898479 51.16145641638299 48.60320802761091 65.62276058772163 59.32344452449884 46.51190288325849 50.13490455519984 51.24265405607782 40.265063374724065 51.317944303992235 44.47988510984561 44.93278443360862
60.37976972430478 52.704777473997254 29.388253270782872 46.00529230250812 44.76697451411062 44.61585555045289 31.86360370856579 71.60291025898479 0.0 65.62276058772163 42.044111942345516 30.439461399697464 54.62961823728651 73.64390984130983 35.64877474260453 37.19229518008724 39.003707957003016 46.51190288325849 30.439461399697464 40.61130762528876
53.91274453386346 42.044111942345516 40.265063374724065 54.475148878674105 45.673862354239894 51.93945875959148 44.61585555045289 51.16145641638299 65.62276058772163 0.0 49.48828509559972 46.00529230250812 37.639964200576685 58.617336668050775 51.167453780336416 42.76968206116472 42.96550393734228 70.00004531258668 55.16631893401664 39.003707957003016
40.265063374724065 30.439461399697464 51.16145641638299 34.15435077108233 67.26126003138324 36.06817602193311 42.42369754440408 48.60320802761091 42.044111942345516 49.48828509559972 0.0 47.45592647702176 51.317944303992235 36.06817602193311 43.609802198212925 42.824483800367645 43.609802198212925 54.475148878674105 41.165904183732884 60.223418084736466
28.704322950973037 51.93945875959148 28.025451851900097 37.639964200576685 51.16145641638299 47.45592647702176 31.86360370856579 65.62276058772163 30.439461399697464 46.00529230250812 47.45592647702176 0.0 52.640468902042194 30.818725337341036 44.03260013255018 48.60320802761091 45.51902589770525 51.317944303992235 43.561874991818435 56.76008521954183
54.3978465513227 73.64390984130983 54.62961823728651 49.63790796943812 36.06817602193311 49.48828509559972 51.317944303992235 59.32344452449884 54.62961823728651 37.639964200576685 51.317944303992235 52.640468902042194 0.0 28.025451851900097 35.64877474260453 48.60320802761091 42.044111942345516 47.88607784920431 50.68108893450573 44.03260013255018
50.91226555060508 51.93945875959148 50.91226555060508 42.824483800367645 71.60291025898479 34.11860721079587 50.91226555060508 46.51190288325849 73.64390984130983 58.617336668050775 36.06817602193311 30.818725337341036 28.025451851900097 0.0 50.91226555060508 71.60291025898479 54.62961823728651 65.62276058772163 48.37258675382547 70.00004531258668
42.044111942345516 55.16631893401664 51.24265405607782 44.61585555045289 40.06341881400398 34.15435077108233 39.44994619340922 50.13490455519984 35.64877474260453 51.167453780336416 43.609802198212925 44.03260013255018 35.64877474260453 50.91226555060508 0.0 47.45592647702176 43.76872230613077 43.609802198212925 52.640468902042194 34.11860721079587
52.704777473997254 60.37976972430478 56.093751645871244 37.19229518008724 43.609802198212925 36.72916727859767 42.824483800367645 51.24265405607782 37.19229518008724 42.76968206116472 42.824483800367645 48.60320802761091 48.60320802761091 71.60291025898479 47.45592647702176 0.0 41.165904183732884 47.45592647702176 42.42369754440408 43.273616955866906
43.76872230613077 65.62276058772163 44.47988510984561 50.68108893450573 59.506662129122816 46.51190288325849 65.62276058772163 40.265063374724065 39.003707957003016 42.96550393734228 43.609802198212925 45.51902589770525 42.044111942345516 54.62961823728651 43.76872230613077 41.165904183732884 0.0 53.91274453386346 40.06341881400398 71.60291025898479
45.08349637489185 37.19229518008724 38.17596744758553 49.63790796943812 54.62961823728651 46.00529230250812 43.273616955866906 51.317944303992235 46.51190288325849 70.00004531258668 54.475148878674105 51.317944303992235 47.88607784920431 65.62276058772163 43.609802198212925 47.45592647702176 53.91274453386346 0.0 54.20810110699661 44.03260013255018
40.06341881400398 54.475148878674105 44.03260013255018 48.60320802761091 30.439461399697464 39.44994619340922 70.00004531258668 44.47988510984561 30.439461399697464 55.16631893401664 41.165904183732884 43.561874991818435 50.68108893450573 48.37258675382547 52.640468902042194 42.42369754440408 40.06341881400398 54.20810110699661 0.0 45.08349637489185
44.013337932868566 56.093751645871244 60.223418084736466 45.673862354239894 47.4258367445305 63.70969506226936 43.561874991818435 44.93278443360862 40.61130762528876 39.003707957003016 60.223418084736466 56.76008521954183 44.03260013255018 70.00004531258668 34.11860721079587 43.273616955866906 71.60291025898479 44.03260013255018 45.08349637489185 0.0
