10
0.0 58.77459124382556 45.28840884050199 46.88825474649399 38.898984982064384 61.16653895171497 47.998016081780506 37.17630712986585 52.98624098523395 37.17630712986585
58.77459124382556 0.0 59.30030805006003 62.879757025974655 37.17630712986585 59.30030805006003 58.77459124382556 40.84987042716191 54.822789966214565 37.17630712986585
45.28840884050199 59.30030805006003 0.0 42.657284959552705 45.28840884050199 58.77459124382556 47.62785683943273 71.01602794348743 58.72319860092695 58.77459124382556
46.88825474649399 62.879757025974655 42.657284959552705 0.0 42.657284959552705 38.898984982064384 47.998016081780506 42.657284959552705 65.79975601514147 52.98624098523395
38.898984982064384 37.17630712986585 45.28840884050199 42.657284959552705 0.0 71.01602794348743 37.17630712986585 53.32300879928634 65.79975601514147 52.98624098523395
61.16653895171497 59.30030805006003 58.77459124382556 38.898984982064384 71.01602794348743 0.0 37.17630712986585 47.998016081780506 53.32300879928634 42.657284959552705
47.998016081780506 58.77459124382556 47.62785683943273 47.998016081780506 37.17630712986585 37.17630712986585 0.0 45.28840884050199 58.77459124382556 59.30030805006003
37.17630712986585 40.84987042716191 71.01602794348743 42.657284959552705 53.32300879928634 47.998016081780506 45.28840884050199 0.0 50.73863910812239 37.08649393375534
52.98624098523395 54.822789966214565 58.72319860092695 65.79975601514147 65.79975601514147 53.32300879928634 58.77459124382556 50.73863910812239 0.0 52.98624098523395
37.17630712986585 37.17630712986585 58.77459124382556 52.98624098523395 52.98624098523395 42.657284959552705 59.30030805006003 37.08649393375534 52.98624098523395 0.0
