10
0.0 50.12420366150181 50.12420366150181 48.691629396944954 51.009956725690074 46.6063139280854 46.6063139280854 49.37834055093339 50.78511290015863 51.009956725690074
50.12420366150181 0.0 40.26930675421138 49.55658958313612 40.26930675421138 56.95271222749216 51.009956725690074 72.47978725651193 49.45654788961785 37.17959499647007
50.12420366150181 40.26930675421138 0.0 32.754826532742435 51.009956725690074 45.655066865455574 51.009956725690074 72.47978725651193 37.17959499647007 45.655066865455574
48.691629396944954 49.55658958313612 32.754826532742435 0.0 51.009956725690074 52.224900629708095 40.02534178185737 72.47978725651193 35.14025183195077 35.14025183195077
51.009956725690074 40.26930675421138 51.009956725690074 51.009956725690074 0.0 72.47978725651193 49.55658958313612 32.754826532742435 45.655066865455574 52.15450213113112
46.6063139280854 56.95271222749216 45.655066865455574 52.224900629708095 72.47978725651193 0.0 49.55658958313612 42.90318621397266 46.50973989403571 40.02534178185737
46.6063139280854 51.009956725690074 51.009956725690074 40.02534178185737 49.55658958313612 49.55658958313612 0.0 40.02534178185737 72.47978725651193 37.17959499647007
49.37834055093339 72.47978725651193 72.47978725651193 72.47978725651193 32.754826532742435 42.90318621397266 40.02534178185737 0.0 56.95271222749216 72.47978725651193
50.78511290015863 49.45654788961785 37.17959499647007 35.14025183195077 45.655066865455574 46.50973989403571 72.47978725651193 56.95271222749216 0.0 42.90318621397266
51.009956725690074 37.17959499647007 45.655066865455574 35.14025183195077 52.15450213113112 40.02534178185737 37.17959499647007 72.47978725651193 42.90318621397266 0.0
