10
0.0 46.87043385347525 46.87043385347525 57.639419406374685 44.3755347054934 64.77077244440926 63.631460714680436 66.88612920546286 57.639419406374685 64.24638944961356
46.87043385347525 0.0 62.2384178275956 57.639419406374685 44.3755347054934 47.63039885808525 60.81905031060499 49.78548280978759 49.78548280978759 46.698756441388014
46.87043385347525 62.2384178275956 0.0 44.3755347054934 49.78548280978759 64.77077244440926 66.88612920546286 47.63039885808525 40.938969533620934 46.698756441388014
57.639419406374685 57.639419406374685 44.3755347054934 0.0 64.24638944961356 62.2384178275956 55.40175364666358 46.698756441388014 47.081889803298466 57.13309066841782
44.3755347054934 44.3755347054934 49.78548280978759 64.24638944961356 0.0 64.77077244440926 50.290434137090195 40.938969533620934 57.639419406374685 66.88612920546286
64.77077244440926 47.63039885808525 64.77077244440926 62.2384178275956 64.77077244440926 0.0 47.081889803298466 63.631460714680436 49.93346506841967 47.63039885808525
63.631460714680436 60.81905031060499 66.88612920546286 55.40175364666358 50.290434137090195 47.081889803298466 0.0 55.40175364666358 55.850590936484146 60.81905031060499
66.88612920546286 49.78548280978759 47.63039885808525 46.698756441388014 40.938969533620934 63.631460714680436 55.40175364666358 0.0 57.13309066841782 62.2384178275956
57.639419406374685 49.78548280978759 40.938969533620934 47.081889803298466 57.639419406374685 49.93346506841967 55.850590936484146 57.13309066841782 0.0 55.12881213096916
64.24638944961356 46.698756441388014 46.698756441388014 57.13309066841782 66.88612920546286 47.63039885808525 60.81905031060499 62.2384178275956 55.12881213096916 0.0
